369 503
362 507
320 497
221 228
237 213
500 455
270 250
546 472
427 441
284 324
510 485
605 507
339 290
345 338
212 226
264 420
554 554
258 300
398 369
650 591
398 351
377 341
624 491
358 314
237 212
307 257
308 262
223 200
345 300
306 306
370 374
207 201
340 291
423 630
354 318
225 209
341 315
356 286
306 278
303 252
500 455
442 442
401 312
412 300
251 205
249 204
224 239
342 323
342 290
395 366
395 416
256 256
396 402
395 369
367 343
393 313
442 442
355 330
442 442
442 442
395 367
396 411
216 234
261 232
439 645
232 217
314 329
216 216
248 257
245 206
1019 1149
690 722
554 554
315 315
395 341
372 341
395 341
326 273
248 239
354 289
337 305
410 304
243 208
228 221
252 200
214 226
236 200
212 238
225 225
238 212
220 215
251 201
480 480
237 212
225 225
225 225
225 225
219 224
223 200
235 200
241 209
239 211
234 215
225 225
251 201
237 213
216 214
251 201
235 214
240 210
225 225
240 210
225 225
236 213
216 224
394 295
241 230
234 219
223 202
223 229
249 206
527 552
500 455
354 298
340 507
218 180
225 225
456 374
446 450
365 306
1427 1275
234 216
223 226
993 825
359 300
336 264
325 254
331 272
320 257
581 528
674 534
350 350
350 350
613 605
592 562
442 442
630 630
442 400
212 220
225 225
198 254
225 225
630 630
630 630
630 630
630 630
630 630
630 630
442 442
442 332
630 630
244 206
830 1024
442 442
630 630
630 630
442 442
225 225
225 225
630 630
508 470
501 411
286 224
400 393
452 355
680 680
444 468
442 442
225 225
449 359
251 236
236 236
218 236
295 236
236 236
280 236
229 235
233 235
224 234
225 225
243 236
260 236
236 236
227 235
236 236
249 205
236 236
236 236
270 236
261 235
225 225
236 236
236 212
236 236
262 236
236 236
242 209
242 209
693 800
290 236
213 227
239 236
213 210
210 233
251 201
226 236
366 236
213 210
210 233
251 201
249 201
366 236
247 204
216 236
236 236
236 236
243 236
216 235
250 236
257 235
232 236
263 236
240 236
304 235
228 233
244 262
344 320
777 622
714 1000
602 655
512 446
469 387
236 236
512 439
480 852
251 447
350 350
350 350
350 350
350 350
350 350
350 350
243 203
227 235
236 255
218 233
236 236
357 236
236 236
236 236
269 236
210 200
236 236
236 236
300 236
269 236
216 232
223 236
236 236
236 236
236 236
357 236
236 236
220 236
222 236
236 236
236 236
236 236
1446 1375
225 225
250 201
218 225
417 428
417 428
280 420
251 201
218 234
480 852
275 220
417 428
512 416
231 218
221 228
583 1000
200 200
686 626
225 208
225 225
350 350
243 207
424 417
242 208
214 229
512 416
217 232
252 200
450 600
214 205
251 201
380 336
222 212
211 219
600 652
649 926
225 225
221 228
256 256
225 225
227 235
236 236
602 655
251 201
225 225
398 497
225 225
717 717
225 225
220 330
649 926
418 364
251 236
443 354
824 755
480 853
225 225
519 600
225 225
480 853
222 227
480 853
228 235
674 648
512 434
509 452
504 450
506 444
488 504
501 456
502 438
496 453
218 234
470 469
406 331
415 339
310 329
832 825
824 755
600 494
248 208
275 220
250 201
236 236
262 227
1024 1024
326 276
600 600
225 225
264 210
630 630
280 278
207 207
848 785
251 236
442 442
583 1000
848 785
350 350
442 442
512 416
630 630
851 724
575 626
309 236
1075 890
328 267
351 321
250 202
257 221
720 1280
258 314
332 590
262 224
236 236
260 314
320 296
253 278
1024 1024
242 208
872 850
225 225
225 225
236 236
225 225
872 850
248 203
781 733
225 225
605 600
280 229
225 225
725 728
745 850
251 236
217 232
278 208
275 220
300 227
236 214
293 216
361 642
302 216
750 750
273 251
234 209
236 236
540 504
274 244
280 420
274 230
585 629
244 201
630 630
248 237
301 275
248 217
236 236
664 550
442 442
239 253
442 442
235 230
442 409
484 405
483 430
490 410
489 416
248 200
485 407
486 421
442 442
496 414
496 411
252 222
259 225
243 233
236 236
225 207
236 236
262 236
243 200
225 234
257 236
217 208
225 234
260 236
236 236
236 236
236 236
231 236
262 236
236 211
290 236
229 235
228 236
218 234
226 233
234 210
275 220
263 236
243 236
260 236
236 236
295 236
236 236
234 234
236 236
234 218
268 236
280 212
300 236
315 236
252 236
236 236
228 228
236 236
257 236
208 233
273 236
269 236
357 236
221 236
269 236
357 236
220 236
236 236
223 224
260 236
236 236
257 235
250 236
236 236
236 236
203 236
202 216
236 236
227 235
277 235
224 234
201 236
236 236
222 233
294 236
244 235
213 226
201 210
264 235
215 235
231 236
474 474
400 400
681 685
202 202
1280 1280
442 442
378 360
903 721
1365 1365
474 474
432 470
900 940
210 201
741 900
256 256
256 256
256 256
256 256
256 256
256 256
256 256
256 256
256 256
256 256
256 256
256 256
256 256
